%cond numbers in each group

%HV = high value
%LV = low value
%disk = image without ring (annulus)
%ann = image with ring (annulus)
%annulus = ring alone 

HVdisk = [11 12 21 22 31 32 41 42 51 52 61 62 71 72 81 82];
LVdisk = [9 10 19 20 29 30 39 40 49 50 59 60 69 70 79 80];
annulus = [7 8 17 18 27 28 37 38 47 48 57 58 67 68 77 78];
HVann = [43 44 45 46 53 54 55 56 63 64 65 66 73 74 75 76];
LVann = [3 4 5 6 13 14 15 16 23 24 25 26 33 34 35 36];
